JDU,Umag,e_Umag,o_Umag,JDB,Bmag,e_Bmag,o_Bmag,JDV,Vmag,e_Vmag,o_Vmag,JDRc,Rcmag,e_Rcmag,o_Rcmag,JDIc,Icmag,e_Icmag,o_Icmag
2452520.44,10.925,,1,2452520.44,11.141,,1,2452520.44,10.824,,1,2452520.44,10.396,,1,2452520.44,9.984,,1
2452528.48,10.905,,1,2452528.48,11.111,,1,2452528.48,10.789,,1,2452528.48,10.382,,1,2452528.48,9.976,,1
2452537.39,10.884,,1,2452537.39,11.117,,1,2452537.39,10.787,,1,2452537.39,10.375,,1,2452537.39,9.957,,1
2452550.48,10.91,,1,2452550.48,11.139,,1,2452550.48,10.805,,1,2452550.48,10.39,,1,2452550.48,9.959,,1
2452567.44,10.877,,1,2452567.44,11.092,,1,2452567.44,10.804,,1,2452567.44,10.382,,1,2452567.44,9.971,,1
2452618.44,10.918,,1,2452618.44,11.126,,1,2452618.44,10.8,,1,2452618.44,10.4,,1,2452618.44,9.991,,1
2452644.3,10.912,,1,2452644.3,11.12,,1,2452644.3,10.799,,1,2452644.3,10.376,,1,2452644.3,9.97,,1
,,,,,,,,,,,,2452706.32,10.37,,1,2452706.32,9.967,,1
2452711.63,10.891,,1,2452711.63,11.12,,1,2452711.63,10.807,,1,2452711.63,10.388,,1,2452711.63,9.972,,1
2452723.6,10.954,,1,2452723.6,11.138,,1,2452723.6,10.829,,1,2452723.6,10.407,,1,2452723.6,9.989,,1
,,,,2452739.63,11.134,,1,2452739.62,10.812,,1,2452739.62,10.406,,1,2452739.63,9.982,,1
,,,,2452742.61,11.143,,1,2452742.61,10.803,,1,2452742.61,10.4,,1,2452742.61,10.006,,1
,,,,2452743.61,11.116,,1,2452743.61,10.802,,1,2452743.61,10.398,,1,2452743.61,9.986,,1
2452744.61,10.955,,1,2452744.6,11.146,,1,2452744.6,10.823,,1,2452744.6,10.425,,1,2452744.6,9.991,,1
2452746.58,10.961,0.006,2,2452746.59,11.144,0.012,2,2452746.59,10.806,0.003,2,2452746.59,10.405,0.014,2,2452746.58,9.986,0.007,2
2452750.6,10.979,,1,2452750.59,11.154,,1,2452750.59,10.82,,1,2452750.59,10.416,,1,2452750.59,9.999,,1
2452751.6,10.952,,1,2452751.59,11.16,,1,2452751.59,10.829,,1,2452751.59,10.423,,1,2452751.59,9.99,,1
,,,,,,,,2452754.54,10.847,,1,2452754.54,10.433,,1,2452754.54,9.97,,1
2452755.51,11.0,0.008,2,2452755.52,11.171,0.0,2,2452755.51,10.856,0.017,2,2452755.51,10.431,0.006,2,2452755.52,10.009,0.016,2
,,,,,,,,2452756.49,10.869,,1,,,,,,,,
,,,,2452758.59,11.158,,1,2452758.58,10.823,0.0,2,2452758.59,10.413,,1,2452758.59,9.999,,1
,,,,,,,,2452759.59,10.811,,1,2452759.5,10.428,,1,,,,
2452760.58,10.972,,1,2452760.58,11.145,,1,2452760.54,10.824,0.0,2,2452760.5,10.388,,1,,,,
2452761.57,11.03,,1,2452761.57,11.204,,1,2452761.57,10.849,,1,,,,,,,,
2452764.54,10.984,,1,2452764.6,11.166,0.002,2,2452764.59,10.834,0.005,2,2452764.6,10.422,0.005,2,2452764.59,10.003,0.001,2
2452765.55,10.969,0.034,2,2452765.55,11.177,0.002,2,2452765.55,10.836,0.01,3,2452765.55,10.413,0.02,3,2452765.55,10.008,0.006,3
2452766.56,10.983,,1,2452766.56,11.148,,1,2452766.56,10.82,,1,2452766.57,10.417,,1,2452766.56,10.038,,1
2452767.54,11.028,,1,2452767.55,11.198,,1,2452767.55,10.859,,1,2452767.55,10.447,,1,2452767.55,10.029,,1
,,,,2452769.5,11.201,,1,2452769.59,10.877,0.013,2,2452769.49,10.447,,1,2452769.49,10.024,,1
,,,,2452770.57,11.21,,1,2452770.58,10.866,,1,2452770.57,10.453,,1,2452770.58,10.031,,1
,,,,2452771.56,11.212,,1,2452771.55,10.874,,1,2452771.55,10.466,,1,2452771.55,10.035,,1
,,,,2452772.54,11.213,,1,2452772.54,10.886,,1,2452772.47,10.459,,1,2452772.52,10.031,,1
,,,,2452773.57,11.222,,1,2452773.57,10.884,,1,2452773.57,10.471,,1,2452773.57,10.045,,1
2452774.51,11.122,,1,2452774.51,11.254,0.024,2,2452774.51,10.912,0.005,2,2452774.51,10.485,0.006,2,2452774.5,10.067,0.011,2
,,,,2452775.48,11.267,,1,2452775.48,10.917,,1,2452775.48,10.507,,1,2452775.47,10.071,,1
2452776.52,11.136,0.004,2,2452776.52,11.286,0.002,4,2452776.53,10.936,0.004,5,2452776.52,10.523,0.002,4,2452776.53,10.087,0.003,5
,,,,,,,,2452777.53,10.949,,1,,,,,2452777.52,10.109,,1
,,,,2452778.57,11.313,,1,2452778.54,10.959,0.01,2,2452778.57,10.56,,1,2452778.57,10.118,,1
,,,,2452779.57,11.353,,1,2452779.57,11.008,,1,2452779.57,10.59,,1,2452779.57,10.138,,1
2452781.51,11.202,,1,2452781.46,11.361,,1,2452781.57,11.006,0.005,2,2452781.48,10.576,,1,2452781.48,10.146,,1
2452782.45,11.238,,1,2452782.45,11.363,,1,2452782.45,11.009,,1,2452782.45,10.586,,1,2452782.45,10.139,,1
2452783.54,11.248,,1,2452783.53,11.392,,1,2452783.53,11.031,,1,2452783.53,10.597,,1,2452783.53,10.177,,1
2452784.5,11.296,0.004,2,2452784.5,11.453,0.013,2,2452784.52,11.072,0.004,3,2452784.5,10.657,0.007,2,2452784.51,10.225,0.007,3
2452785.53,11.299,,1,2452785.52,11.447,,1,2452785.63,11.085,0.005,2,2452785.52,10.654,,1,2452785.52,10.238,,1
,,,,2452786.47,11.434,,1,2452786.49,11.089,,1,2452786.49,10.667,,1,2452786.5,10.236,,1
2452787.47,11.324,,1,2452787.47,11.461,,1,2452787.59,11.13,0.01,2,2452787.47,10.721,,1,2452787.47,10.275,,1
2452788.46,11.363,,1,2452788.46,11.515,0.017,2,2452788.5,11.168,0.003,3,2452788.46,10.742,0.003,2,2452788.49,10.305,0.003,3
2452789.5,11.436,0.014,2,2452789.5,11.609,0.004,2,2452789.62,11.239,0.014,3,2452789.5,10.794,0.017,2,2452789.5,10.371,0.025,2
2452790.5,11.505,0.013,2,2452790.49,11.675,0.007,2,2452790.51,11.307,0.005,3,2452790.49,10.847,0.007,2,2452790.51,10.404,0.005,3
2452792.5,11.611,0.015,2,2452792.47,11.737,0.014,3,2452792.48,11.365,0.003,3,2452792.48,10.918,0.002,3,2452792.48,10.45,0.001,3
2452793.5,11.604,0.019,2,2452793.53,11.768,0.018,3,2452793.55,11.403,0.002,3,2452793.53,10.949,0.009,3,2452793.55,10.491,0.002,3
2452794.48,11.662,0.002,2,2452794.5,11.807,0.003,3,2452794.51,11.437,0.002,3,2452794.5,10.976,0.007,3,2452794.51,10.507,0.008,3
2452795.47,11.649,0.011,2,2452795.51,11.792,0.01,3,2452795.51,11.426,0.007,4,2452795.49,10.978,0.005,3,2452795.52,10.499,0.008,4
,,,,2452796.5,11.754,,1,2452796.61,11.382,0.012,2,2452796.52,10.945,,1,2452796.52,10.479,,1
2452798.45,11.538,0.006,2,2452798.49,11.671,0.004,3,2452798.5,11.312,0.003,4,2452798.49,10.873,0.004,3,2452798.5,10.413,0.003,4
2452799.52,11.482,0.012,4,2452799.52,11.626,0.015,4,2452799.53,11.277,0.005,3,2452799.53,10.842,0.004,3,2452799.53,10.383,0.001,3
2452800.48,11.405,,1,2452800.48,11.56,0.007,3,2452800.49,11.207,0.006,4,2452800.48,10.788,0.004,3,2452800.5,10.336,0.004,4
2452801.55,11.348,0.005,2,2452801.54,11.48,0.005,4,2452801.54,11.134,0.004,4,2452801.54,10.709,0.003,3,2452801.54,10.266,0.003,3
2452802.52,11.221,0.032,2,2452802.5,11.387,0.004,4,2452802.54,11.053,0.004,5,2452802.5,10.64,0.012,4,2452802.51,10.204,0.005,4
2452803.53,11.179,0.002,3,2452803.51,11.314,0.002,4,2452803.52,10.976,0.002,4,2452803.52,10.564,0.005,4,2452803.52,10.148,0.002,4
2452804.53,11.113,0.001,2,2452804.5,11.265,0.006,3,2452804.62,10.921,0.009,4,2452804.52,10.526,0.005,4,2452804.52,10.1,0.004,4
2452805.59,11.084,,1,2452805.53,11.228,0.002,4,2452805.54,10.89,0.003,4,2452805.53,10.486,0.001,4,2452805.54,10.065,0.004,4
2452806.58,11.064,,1,2452806.57,11.212,0.002,2,2452806.6,10.88,0.001,3,2452806.58,10.472,0.005,2,2452806.58,10.049,0.003,2
2452807.53,11.045,0.001,2,2452807.51,11.204,0.006,4,2452807.54,10.858,0.001,5,2452807.51,10.466,0.007,4,2452807.51,10.041,0.004,4
2452808.44,11.031,0.003,2,2452808.47,11.194,0.013,3,2452808.47,10.853,0.006,3,2452808.47,10.455,0.003,3,2452808.47,10.013,0.005,3
2452809.51,11.071,,1,2452809.54,11.202,0.009,2,2452809.54,10.853,0.008,2,2452809.54,10.44,0.013,2,2452809.54,10.002,0.009,2
,,,,2452810.54,11.213,,1,2452810.68,10.841,0.008,2,2452810.56,10.461,,1,2452810.54,10.019,,1
2452811.51,11.04,,1,2452811.47,11.21,0.0,2,2452811.47,10.847,0.003,2,2452811.43,10.46,,1,2452811.43,10.024,,1
2452812.47,10.99,,1,2452812.5,11.192,0.01,2,2452812.57,10.856,0.004,3,2452812.51,10.449,0.0,2,2452812.5,10.009,0.007,2
2452813.44,10.951,,1,2452813.41,11.184,0.013,2,2452813.41,10.833,0.015,2,2452813.41,10.446,0.003,2,2452813.41,10.004,0.006,2
,,,,2452814.47,11.217,,1,2452814.47,10.852,,1,2452814.47,10.46,,1,2452814.47,10.006,,1
2452815.52,11.014,,1,2452815.5,11.174,,1,2452815.5,10.835,,1,2452815.5,10.428,,1,2452815.5,10.009,,1
2452817.48,10.999,,1,2452817.48,11.174,,1,2452817.48,10.85,,1,2452817.48,10.413,,1,2452817.48,10.001,,1
2452818.46,10.987,,1,2452818.46,11.191,,1,2452818.43,10.855,0.005,2,2452818.46,10.461,,1,2452818.46,10.002,,1
2452820.45,11.02,,1,2452820.45,11.165,,1,2452820.45,10.836,,1,2452820.45,10.429,,1,2452820.45,10.003,,1
2452821.52,11.008,0.013,2,2452821.52,11.182,0.009,2,2452821.53,10.84,0.011,2,2452821.55,10.427,,1,2452821.55,10.004,,1
2452823.51,10.965,,1,2452823.51,11.151,,1,2452823.51,10.82,,1,2452823.51,10.419,,1,2452823.51,9.985,,1
,,,,2452824.4,11.196,,1,2452824.4,10.839,,1,2452824.4,10.445,,1,2452824.4,10.025,,1
2452825.51,10.972,0.001,2,2452825.51,11.173,0.024,2,2452825.51,10.837,0.027,2,2452825.51,10.431,0.003,2,2452825.51,9.995,0.008,2
2452826.57,10.971,,1,2452826.57,11.2,,1,2452826.57,10.873,,1,2452826.57,10.442,,1,2452826.57,10.009,,1
2452827.47,10.969,,1,2452827.47,11.18,,1,2452827.47,10.853,,1,,,,,2452827.47,9.984,,1
2452832.47,10.995,,1,2452832.5,11.186,,1,2452832.47,10.86,,1,2452832.49,10.45,,1,2452832.5,10.036,,1
2452834.45,10.978,,1,2452834.45,11.168,,1,2452834.46,10.838,,1,2452834.45,10.426,,1,2452834.45,10.01,,1
2452836.55,10.959,,1,2452836.53,11.155,,1,2452836.54,10.823,,1,2452836.54,10.41,,1,2452836.54,10.0,,1
2452837.47,10.948,0.011,2,2452837.48,11.144,0.007,2,2452837.48,10.836,0.009,2,2452837.47,10.413,0.012,2,2452837.49,9.991,0.002,3
,,,,2452838.39,11.16,,1,2452838.39,10.828,,1,2452838.39,10.423,,1,2452838.38,10.008,,1
,,,,,,,,2452841.48,10.837,,1,,,,,2452841.48,9.988,,1
2452853.53,10.941,,1,2452853.53,11.144,,1,2452853.53,10.818,,1,2452853.53,10.398,,1,2452853.53,9.993,,1
2452856.51,10.916,,1,2452856.51,11.119,,1,2452856.51,10.817,,1,2452856.51,10.401,,1,2452856.51,9.967,,1
2452863.49,10.914,,1,2452863.49,11.151,,1,2452863.49,10.812,,1,2452863.49,10.425,,1,2452863.49,10.012,,1
2452869.45,10.965,,1,2452869.45,11.148,,1,2452869.45,10.847,,1,2452869.45,10.426,,1,2452869.45,9.994,,1
,,,,,,,,2452872.47,10.843,,1,,,,,2452872.47,9.994,,1
,,,,,,,,2452885.61,10.842,,1,,,,,2452885.61,9.986,,1
,,,,,,,,2452887.62,10.84,,1,,,,,2452887.62,9.984,,1
2452888.56,10.923,,1,2452888.56,11.144,,1,2452888.59,10.824,0.006,2,2452888.56,10.391,,1,2452888.59,9.991,0.016,2
,,,,,,,,2452889.63,10.834,,1,,,,,2452889.63,9.982,,1
2452929.42,10.94,,1,2452929.42,11.13,,1,2452929.42,10.81,,1,2452929.42,10.418,,1,2452929.42,9.959,,1
2452985.29,10.919,,1,2452985.29,11.089,,1,2452985.29,10.779,,1,2452985.29,10.406,,1,2452985.29,9.951,,1
2453008.37,10.941,,1,2453008.37,11.107,,1,2453008.37,10.814,,1,2453008.37,10.407,,1,2453008.37,9.993,,1
2453035.29,10.982,,1,2453035.29,11.13,,1,2453035.29,10.827,,1,2453035.29,10.422,,1,2453035.29,9.997,,1
2453057.26,10.914,,1,2453057.26,11.123,,1,2453057.26,10.8,,1,2453057.26,10.397,,1,2453057.26,9.974,,1
2453124.53,10.983,,1,2453124.53,11.126,,1,2453124.53,10.778,,1,2453124.53,10.386,,1,2453124.53,9.971,,1
2453150.42,10.964,,1,2453150.42,11.146,,1,2453150.42,10.815,,1,2453150.42,10.4,,1,2453150.42,9.958,,1
2453159.45,10.896,,1,2453159.45,11.122,,1,2453159.45,10.78,,1,2453159.45,10.374,,1,2453159.45,9.933,,1
2453170.47,10.924,,1,2453170.47,11.122,,1,2453170.47,10.809,,1,2453170.47,10.362,,1,2453170.47,9.923,,1
2453202.49,10.887,,1,2453202.49,11.127,,1,2453202.49,10.79,,1,2453202.49,10.377,,1,2453202.49,9.915,,1
2453226.46,10.919,,1,2453226.46,11.144,,1,2453226.46,10.787,,1,2453226.46,10.367,,1,2453226.46,9.926,,1
2453249.58,10.894,,1,2453249.58,11.132,,1,2453249.58,10.766,,1,2453249.58,10.356,,1,2453249.58,9.933,,1
2453291.49,10.877,,1,2453291.49,11.084,,1,2453291.49,10.779,,1,2453291.49,10.367,,1,2453291.49,9.945,,1
2453545.45,10.938,,1,2453545.45,11.128,,1,2453545.44,10.769,,1,2453545.46,10.367,,1,2453545.46,9.978,,1
2453580.58,10.948,,1,2453580.57,11.12,,1,2453580.57,10.756,,1,2453580.57,10.362,,1,2453580.58,9.971,,1
2453602.45,10.945,,1,2453602.44,11.122,,1,2453602.44,10.764,,1,2453602.45,10.37,,1,2453602.45,9.983,,1
2453613.54,10.948,,1,2453613.54,11.127,,1,2453613.54,10.765,,1,2453613.55,10.376,,1,2453613.55,9.983,,1
2453648.4,10.952,,1,2453648.41,11.131,,1,2453648.41,10.775,,1,2453648.41,10.375,,1,2453648.41,9.986,,1
2453663.37,10.946,,1,2453663.37,11.132,,1,2453663.37,10.776,,1,2453663.37,10.384,,1,2453663.37,9.989,,1
2453745.22,10.929,,1,2453745.22,11.127,,1,2453745.22,10.764,,1,2453745.23,10.369,,1,2453745.23,9.973,,1
2453760.28,11.021,,1,2453760.28,11.133,,1,2453760.27,10.769,,1,2453760.29,10.371,,1,2453760.29,9.968,,1
2453863.52,10.951,,1,2453863.51,11.127,,1,2453863.51,10.766,,1,2453863.5,10.372,,1,2453863.5,9.977,,1
,,,,,,,,2453868.53,10.715,,1,2453868.53,10.362,,1,2453868.53,9.975,,1
2453899.47,10.939,,1,2453899.46,11.137,,1,2453899.46,10.782,,1,2453899.47,10.368,,1,2453899.47,9.979,,1
2453940.41,10.943,,1,2453940.4,11.135,,1,2453940.4,10.779,,1,2453940.42,10.372,,1,2453940.42,9.974,,1
2453983.45,10.966,,1,2453983.45,11.131,,1,2453983.44,10.758,,1,2453983.44,10.382,,1,2453983.44,9.982,,1
2454024.43,10.968,,1,2454024.43,11.125,,1,2454024.42,10.759,,1,2454024.44,10.381,,1,2454024.44,9.985,,1
2454128.39,10.963,,1,2454128.39,11.126,,1,2454128.38,10.763,,1,2454128.4,10.377,,1,2454128.4,9.982,,1
2454249.48,10.947,,1,2454249.47,11.15,,1,2454249.47,10.793,,1,2454249.48,10.38,,1,2454249.48,9.982,,1
2454290.51,10.954,,1,2454290.51,11.147,,1,2454290.5,10.793,,1,2454290.5,10.379,,1,2454290.5,9.98,,1
2454321.4,10.938,,1,2454321.4,11.16,,1,2454321.4,10.787,,1,2454321.41,10.38,,1,2454321.41,9.984,,1
2454382.44,10.963,,1,2454382.43,11.133,,1,2454382.43,10.775,,1,2454382.43,10.384,,1,2454382.44,9.999,,1
2454407.31,10.94,,1,2454407.3,11.128,,1,2454407.3,10.769,,1,2454407.3,10.378,,1,2454407.3,9.982,,1
,,,,2454530.23,11.132,,1,2454530.23,10.775,,1,2454530.24,10.372,,1,2454530.24,9.987,,1
,,,,2454536.27,11.129,,1,2454536.27,10.762,,1,2454536.27,10.373,,1,2454536.27,9.979,,1
2454571.58,10.963,,1,2454571.58,11.137,,1,2454571.58,10.78,,1,2454571.59,10.379,,1,2454571.59,9.991,,1
2454606.45,10.956,,1,2454606.44,11.129,,1,2454606.44,10.767,,1,2454606.44,10.37,,1,2454606.44,9.982,,1
,,,,2454621.38,11.134,,1,2454621.38,10.766,,1,2454621.38,10.374,,1,2454621.37,9.99,,1
2454648.43,10.952,,1,2454648.43,11.136,,1,2454648.42,10.773,,1,2454648.42,10.382,,1,2454648.43,9.994,,1
2454662.42,10.95,,1,2454662.41,11.136,,1,2454662.41,10.776,,1,2454662.42,10.386,,1,2454662.42,9.994,,1
2454677.41,10.955,,1,2454677.41,11.129,,1,2454677.4,10.769,,1,2454677.41,10.377,,1,2454677.41,9.99,,1
,,,,2454700.4,11.146,,1,2454700.39,10.787,,1,2454700.4,10.392,,1,2454700.4,10.005,,1
2454720.49,10.964,,1,2454720.48,11.143,,1,2454720.48,10.779,,1,2454720.49,10.379,,1,2454720.49,10.001,,1
2454734.58,10.945,,1,2454734.57,11.127,,1,2454734.57,10.772,,1,2454734.57,10.37,,1,2454734.58,9.981,,1
2454735.29,10.964,,1,2454735.29,11.156,,1,2454735.28,10.783,,1,2454735.28,10.391,,1,2454735.29,10.002,,1
2454742.28,10.966,,1,2454742.27,11.156,,1,2454742.27,10.788,,1,2454742.28,10.395,,1,2454742.28,10.001,,1
2454750.25,10.969,,1,2454750.24,11.144,,1,2454750.24,10.783,,1,2454750.26,10.392,,1,2454750.26,10.006,,1
,,,,2454751.5,11.142,,1,2454751.5,10.803,,1,2454751.5,10.401,,1,,,,
,,,,2454753.29,11.137,,1,2454753.29,10.802,,1,2454753.3,10.401,,1,,,,
2454757.25,10.957,,1,2454757.24,11.149,,1,2454757.24,10.781,,1,2454757.25,10.391,,1,2454757.25,10.003,,1
,,,,2454758.65,11.125,,1,2454758.65,10.788,,1,2454758.65,10.379,,1,2454758.65,9.984,,1
,,,,2454759.55,11.102,,1,2454759.54,10.749,,1,2454759.55,10.374,,1,2454759.55,9.971,,1
2454761.31,10.949,,1,2454761.32,11.142,,1,2454761.32,10.775,,1,2454761.32,10.387,,1,2454761.32,9.995,,1
2454762.2,10.957,,1,2454762.22,11.142,0.006,2,2454762.23,10.776,0.001,2,2454762.23,10.386,0.002,2,2454762.2,9.999,,1
2454763.2,10.96,,1,2454763.2,11.141,,1,2454763.21,10.782,,1,2454763.21,10.388,,1,2454763.21,10.002,,1
2454764.2,10.957,,1,2454764.2,11.136,,1,2454764.2,10.766,,1,2454764.2,10.378,,1,2454764.2,9.989,,1
,,,,2454766.38,11.134,,1,2454766.38,10.763,,1,2454766.38,10.371,,1,2454766.38,9.99,,1
,,,,,,,,2454770.59,10.792,,1,2454770.59,10.388,,1,2454770.59,10.002,,1
2454771.37,10.965,,1,2454771.37,11.138,,1,2454771.37,10.781,,1,2454771.38,10.39,,1,2454771.38,10.001,,1
,,,,2454773.45,11.149,,1,2454773.45,10.813,,1,2454773.45,10.399,,1,,,,
,,,,2454774.25,11.159,,1,2454774.28,10.787,,1,2454774.29,10.389,,1,2454774.29,10.002,,1
2454774.58,11.018,,1,2454774.58,11.159,,1,2454774.58,10.787,,1,2454774.58,10.389,,1,2454774.58,10.002,,1
,,,,2454775.31,11.2,,1,2454775.3,10.789,,1,2454775.29,10.405,,1,2454775.3,10.015,,1
2454780.21,10.963,,1,2454780.21,11.154,0.006,2,2454780.21,10.795,0.013,2,2454780.22,10.406,0.001,2,2454780.23,10.012,,1
,,,,2454781.21,11.142,0.003,2,2454781.22,10.792,0.016,2,2454781.26,10.407,,1,,,,
,,,,2454782.22,11.147,,1,2454782.2,10.779,,1,,,,,,,,
,,,,2454782.5,11.145,,1,2454782.5,10.803,,1,2454782.5,10.394,,1,,,,
2454784.28,10.971,,1,2454784.27,11.152,,1,2454784.27,10.79,,1,2454784.27,10.393,,1,2454784.27,9.998,,1
,,,,2454786.25,11.142,,1,2454786.26,10.802,,1,2454786.26,10.396,,1,,,,
2454789.18,10.949,,1,2454789.19,11.141,,1,2454789.19,10.783,,1,2454789.19,10.391,,1,2454789.19,9.996,,1
,,,,2454790.6,11.135,0.002,2,2454790.6,10.784,0.004,2,2454790.6,10.385,0.005,2,2454790.6,9.977,0.009,2
,,,,2454791.38,11.148,,1,2454791.38,10.784,,1,2454791.38,10.387,,1,2454791.38,10.0,,1
,,,,2454791.76,11.148,0.005,2,2454791.76,10.787,0.001,2,2454791.76,10.388,0.002,2,2454791.76,9.987,0.009,2
,,,,2454792.45,11.137,,1,2454792.45,10.771,,1,2454792.45,10.385,,1,2454792.45,9.995,,1
,,,,2454792.71,11.167,,1,2454792.71,10.791,,1,2454792.71,10.396,,1,2454792.71,9.978,,1
2454793.31,10.953,,1,2454793.3,11.139,,1,2454793.3,10.781,,1,2454793.3,10.387,,1,2454793.3,9.999,,1
,,,,2454795.25,11.149,,1,2454795.26,10.819,,1,2454795.25,10.413,,1,,,,
,,,,2454796.17,11.142,,1,2454796.18,10.778,,1,2454796.18,10.384,,1,2454796.18,9.982,,1
,,,,2454798.18,11.141,0.001,2,2454798.18,10.782,0.002,2,2454798.18,10.391,0.001,2,2454798.18,9.992,0.001,2
2454799.17,10.963,,1,2454799.17,11.157,0.001,2,2454799.17,10.789,0.004,2,2454799.17,10.4,0.001,2,2454799.17,10.005,0.0,2
,,,,2454800.34,11.162,,1,2454800.34,10.789,,1,2454800.34,10.392,,1,2454800.34,9.996,,1
,,,,2454800.62,11.164,,1,2454800.62,10.793,,1,,,,,,,,
2454801.35,10.957,0.015,2,2454801.34,11.162,0.004,2,2454801.34,10.79,0.002,2,2454801.34,10.402,0.001,2,2454801.35,10.009,0.001,2
,,,,2454801.58,11.152,0.001,2,2454801.58,10.792,0.004,2,2454801.58,10.398,0.002,2,2454801.58,9.994,0.002,2
2454802.36,10.952,,1,2454802.36,11.146,,1,2454802.37,10.788,,1,2454802.36,10.393,,1,2454802.37,9.998,,1
2454803.18,10.961,,1,2454803.18,11.155,,1,2454803.18,10.794,,1,2454803.18,10.402,,1,2454803.18,10.008,,1
2454804.18,10.965,0.009,2,2454804.17,11.155,0.005,3,2454804.17,10.788,0.003,3,2454804.18,10.399,0.003,3,2454804.18,10.001,0.003,3
,,,,2454804.66,11.158,0.003,3,2454804.66,10.792,0.008,3,2454804.72,10.41,,1,2454804.72,10.01,0.004,2
,,,,2454806.68,11.165,0.002,2,2454806.68,10.797,0.001,2,2454806.68,10.41,,1,2454806.68,10.007,0.001,2
2454807.18,10.969,,1,2454807.18,11.164,0.004,2,2454807.18,10.799,0.002,2,2454807.18,10.408,0.002,2,2454807.18,10.013,0.003,2
,,,,2454807.74,11.17,0.003,2,2454807.74,10.794,0.007,2,2454807.74,10.43,,1,2454807.74,10.012,0.004,2
2454808.38,10.987,0.006,2,2454808.38,11.166,0.004,2,2454808.38,10.794,0.014,2,2454808.38,10.405,0.008,2,2454808.38,10.002,0.007,2
,,,,2454808.5,11.173,,1,2454808.5,10.805,,1,,,,,,,,
,,,,2454809.17,11.173,,1,2454809.17,10.809,,1,2454809.17,10.415,,1,2454809.17,10.01,,1
,,,,2454809.73,11.172,0.001,2,2454809.73,10.809,0.002,2,2454809.73,10.418,0.002,2,2454809.73,10.02,0.017,2
2454810.24,10.995,0.008,3,2454810.25,11.171,0.003,5,2454810.24,10.804,0.002,5,2454810.25,10.413,0.002,5,2454810.24,10.015,0.001,6
,,,,2454810.63,11.183,0.001,3,2454810.63,10.811,0.004,3,2454810.64,10.428,0.002,2,2454810.64,10.027,0.001,2
,,,,2454811.15,11.172,,1,,,,,2454811.15,10.417,,1,2454811.15,10.015,,1
2454811.62,10.98,,1,2454811.67,11.181,0.002,3,2454811.67,10.81,0.001,3,2454811.67,10.413,0.002,3,2454811.67,10.017,0.003,3
,,,,2454812.6,11.173,0.005,3,2454812.6,10.807,0.003,3,2454812.66,10.418,0.002,2,2454812.66,10.017,0.001,2
,,,,2454813.49,11.193,,1,2454813.49,10.821,,1,,,,,,,,
2454814.25,11.017,0.005,2,2454814.25,11.196,0.003,4,2454814.25,10.832,0.004,4,2454814.25,10.436,0.002,4,2454814.26,10.033,0.006,3
2454815.24,11.015,0.006,2,2454815.29,11.194,0.003,5,2454815.29,10.824,0.003,5,2454815.26,10.429,0.001,4,2454815.26,10.022,0.003,4
2454816.19,11.006,0.006,2,2454816.24,11.182,0.004,4,2454816.24,10.811,0.005,4,2454816.19,10.426,0.002,2,2454816.19,10.027,0.005,3
,,,,2454816.69,11.184,0.004,3,2454816.69,10.822,0.005,3,2454816.72,10.416,0.006,2,2454816.72,10.024,0.002,2
,,,,2454817.22,11.205,,1,2454817.26,10.832,0.001,2,2454817.23,10.431,,1,2454817.23,10.033,,1
,,,,2454817.6,11.198,,1,2454817.6,10.821,,1,,,,,,,,
,,,,2454818.5,11.183,,1,2454818.5,10.817,,1,,,,,,,,
,,,,2454819.62,11.176,,1,2454819.61,10.808,,1,,,,,,,,
,,,,2454820.23,11.167,,1,2454820.27,10.805,0.004,2,2454820.25,10.415,,1,2454820.25,10.034,,1
2454820.6,10.991,,1,2454820.55,11.174,0.003,2,2454820.55,10.803,0.001,2,2454820.61,10.41,,1,2454820.61,10.018,,1
2454821.65,10.989,,1,2454821.63,11.185,0.001,5,2454821.63,10.813,0.002,5,2454821.68,10.411,0.001,3,2454821.65,10.028,0.003,4
2454822.18,10.998,,1,2454822.17,11.181,,1,2454822.16,10.823,,1,2454822.17,10.421,,1,2454822.16,10.023,,1
2454822.59,10.998,,1,2454822.59,11.2,0.008,2,2454822.59,10.815,0.0,2,2454822.6,10.422,,1,2454822.6,10.031,0.003,2
,,,,,,,,2454823.27,10.821,,1,,,,,,,,
,,,,2454823.48,11.193,,1,2454823.48,10.821,,1,,,,,,,,
2454824.2,11.019,0.007,2,2454824.26,11.195,0.002,4,2454824.26,10.826,0.003,5,2454824.26,10.435,0.001,4,2454824.26,10.037,0.003,4
,,,,2454824.61,11.199,,1,2454824.61,10.826,,1,,,,,,,,
,,,,2454825.17,11.208,,1,2454825.21,10.847,0.004,2,2454825.17,10.456,,1,2454825.17,10.045,,1
,,,,2454825.64,11.187,,1,2454825.63,10.818,,1,,,,,2454825.65,10.045,,1
,,,,,,,,2454826.25,10.871,,1,,,,,,,,
,,,,2454826.51,11.224,,1,2454826.51,10.843,,1,,,,,,,,
,,,,2454827.32,11.23,0.002,2,2454827.32,10.867,0.005,2,2454827.32,10.462,0.0,2,2454827.32,10.055,0.0,2
,,,,2454827.49,11.224,,1,2454827.49,10.854,,1,,,,,,,,
2454828.46,11.145,,1,2454828.37,11.241,0.006,4,2454828.37,10.861,0.007,4,2454828.37,10.474,0.003,4,2454828.37,10.071,0.003,4
,,,,2454828.62,11.254,0.001,3,2454828.61,10.868,0.003,4,2454828.68,10.476,0.006,2,2454828.68,10.079,0.004,2
2454829.21,11.144,,1,2454829.22,11.277,0.016,3,2454829.23,10.899,0.004,3,2454829.23,10.504,0.004,3,2454829.23,10.097,0.004,3
,,,,2454829.59,11.297,0.006,3,2454829.59,10.914,0.009,4,2454829.58,10.505,0.006,2,2454829.61,10.097,0.001,3
2454830.28,11.188,0.011,3,2454830.29,11.348,0.002,5,2454830.29,10.95,0.002,5,2454830.29,10.545,0.001,6,2454830.29,10.133,0.003,6
,,,,2454830.57,11.341,0.01,4,2454830.57,10.946,0.007,4,2454830.58,10.541,0.01,2,2454830.59,10.12,0.009,3
2454831.26,11.24,0.002,3,2454831.23,11.383,0.003,6,2454831.23,10.985,0.002,6,2454831.24,10.578,0.002,6,2454831.24,10.162,0.003,6
,,,,2454831.55,11.372,0.022,2,2454831.49,10.983,,1,,,,,2454831.61,10.149,,1
2454832.22,11.23,0.004,3,2454832.22,11.379,0.006,4,2454832.22,10.977,0.003,4,2454832.22,10.572,0.003,4,2454832.22,10.162,0.002,4
,,,,2454832.6,11.381,,1,2454832.59,10.962,,1,,,,,2454832.6,10.157,,1
,,,,2454833.18,11.379,,1,2454833.18,10.981,,1,2454833.18,10.578,,1,2454833.18,10.169,,1
,,,,2454833.6,11.359,,1,2454833.59,10.958,,1,,,,,2454833.6,10.151,,1
2454834.31,11.223,,1,2454834.31,11.368,0.004,4,2454834.32,10.97,0.002,4,2454834.32,10.571,0.001,4,2454834.32,10.165,0.002,4
,,,,2454834.54,11.351,0.014,2,2454834.53,10.966,0.011,2,,,,,2454834.58,10.154,,1
2454835.22,11.194,0.002,2,2454835.22,11.355,0.004,4,2454835.24,10.967,0.004,3,2454835.24,10.564,0.003,3,2454835.22,10.158,0.004,4
,,,,2454835.62,11.357,,1,2454835.61,10.991,,1,,,,,2454835.62,10.171,,1
,,,,2454836.14,11.371,,1,2454836.24,11.001,0.011,2,2454836.14,10.593,,1,2454836.14,10.195,,1
,,,,2454836.58,11.39,,1,2454836.58,11.006,,1,,,,,,,,
2454837.35,11.313,,1,2454837.27,11.418,0.001,3,2454837.28,11.03,0.004,3,2454837.28,10.624,0.003,3,2454837.28,10.212,0.005,3
,,,,2454837.56,11.436,0.001,2,2454837.54,11.038,0.003,2,2454837.57,10.636,,1,2454837.57,10.228,,1
2454838.26,11.325,0.015,2,2454838.24,11.466,0.002,4,2454838.24,11.075,0.001,3,2454838.25,10.669,0.001,4,2454838.25,10.261,0.004,4
,,,,2454838.55,11.48,0.002,3,2454838.55,11.091,0.003,3,2454838.57,10.681,0.001,2,2454838.57,10.275,0.002,2
2454839.35,11.392,,1,2454839.3,11.53,0.004,3,2454839.29,11.144,0.005,4,2454839.3,10.73,0.002,3,2454839.23,10.316,0.003,3
,,,,2454839.58,11.545,0.01,3,2454839.58,11.154,0.004,3,2454839.57,10.741,0.001,2,2454839.58,10.33,0.003,3
2454840.23,11.429,0.001,2,2454840.31,11.596,0.005,6,2454840.31,11.188,0.002,6,2454840.31,10.773,0.003,6,2454840.31,10.348,0.002,5
,,,,2454840.56,11.607,0.003,4,2454840.55,11.208,0.002,3,2454840.58,10.79,0.001,2,2454840.58,10.363,0.004,3
2454841.24,11.457,0.0,2,2454841.27,11.62,0.001,3,2454841.26,11.211,0.001,3,2454841.27,10.794,0.003,3,2454841.27,10.363,0.004,3
,,,,2454841.56,11.617,0.004,4,2454841.56,11.215,0.004,4,2454841.59,10.796,0.006,2,2454841.58,10.364,0.006,3
,,,,2454842.29,11.632,0.006,2,2454842.27,11.223,0.004,3,2454842.28,10.801,0.003,2,2454842.28,10.361,0.003,2
,,,,2454842.58,11.62,0.003,3,2454842.58,11.215,0.004,3,2454842.62,10.793,0.003,2,2454842.62,10.357,0.001,2
2454843.22,11.452,0.004,4,2454843.21,11.613,0.002,7,2454843.21,11.209,0.004,8,2454843.21,10.795,0.001,6,2454843.21,10.362,0.005,7
,,,,2454843.57,11.591,0.004,3,2454843.57,11.191,0.006,3,2454843.57,10.78,0.001,2,2454843.58,10.356,0.007,3
2454844.23,11.413,0.005,4,2454844.23,11.568,0.003,6,2454844.23,11.174,0.006,6,2454844.23,10.768,0.004,6,2454844.23,10.34,0.002,6
,,,,2454844.6,11.562,0.005,3,2454844.6,11.156,0.001,3,2454844.61,10.753,0.003,2,2454844.6,10.338,0.003,3
2454845.23,11.358,0.004,3,2454845.24,11.518,0.008,6,2454845.23,11.13,0.001,5,2454845.24,10.722,0.003,6,2454845.24,10.307,0.004,6
,,,,2454845.58,11.5,,1,2454845.57,11.109,,1,,,,,2454845.58,10.283,,1
,,,,,,,,2454846.27,11.071,,1,,,,,,,,
,,,,2454846.57,11.484,0.003,4,2454846.57,11.099,0.003,4,2454846.61,10.698,0.002,2,2454846.6,10.282,0.003,3
,,,,2454847.6,11.434,0.002,3,2454847.6,11.068,0.004,3,2454847.61,10.658,0.002,2,2454847.6,10.254,0.003,3
,,,,2454848.38,11.423,,1,2454848.36,11.028,0.007,2,2454848.38,10.63,,1,2454848.38,10.24,,1
,,,,2454848.55,11.405,0.001,3,2454848.55,11.034,0.003,3,2454848.57,10.63,0.001,2,2454848.57,10.219,0.004,2
2454849.26,11.246,,1,2454849.22,11.382,0.001,2,2454849.23,11.006,0.007,3,2454849.22,10.608,0.008,2,2454849.23,10.182,0.003,2
,,,,2454849.59,11.372,0.004,3,2454849.59,11.0,0.006,3,2454849.6,10.593,0.003,2,2454849.59,10.181,0.002,3
2454850.25,11.176,0.009,2,2454850.24,11.352,0.001,3,2454850.24,10.974,0.002,3,2454850.24,10.575,0.003,3,2454850.24,10.166,0.003,3
,,,,2454850.58,11.342,0.004,4,2454850.58,10.967,0.001,4,2454850.61,10.556,0.006,2,2454850.61,10.16,0.003,3
2454851.26,11.171,0.016,3,2454851.27,11.307,0.001,4,2454851.24,10.934,0.003,4,2454851.24,10.543,0.002,4,2454851.24,10.135,0.002,4
,,,,2454851.59,11.306,,1,2454851.58,10.935,,1,,,,,2454851.6,10.128,,1
,,,,2454852.25,11.287,0.009,2,2454852.27,10.91,0.005,2,2454852.27,10.52,0.003,2,2454852.27,10.109,0.002,2
,,,,2454852.59,11.279,,1,2454852.58,10.913,,1,,,,,2454852.6,10.107,,1
,,,,2454853.57,11.241,0.001,2,2454853.58,10.881,0.006,2,,,,,2454853.62,10.075,,1
,,,,2454854.23,11.246,0.006,2,2454854.23,10.869,0.006,2,2454854.24,10.464,0.007,2,2454854.24,10.071,0.013,2
,,,,2454854.52,11.235,,1,2454854.52,10.862,,1,,,,,,,,
2454855.27,11.066,,1,2454855.29,11.222,0.005,2,2454855.3,10.863,0.012,2,2454855.3,10.453,0.006,2,2454855.29,10.054,0.002,2
,,,,2454855.58,11.23,,1,2454855.58,10.846,,1,,,,,2454855.58,10.056,,1
,,,,,,,,2454856.32,10.851,,1,,,,,,,,
,,,,2454856.59,11.22,,1,2454856.58,10.852,,1,,,,,2454856.6,10.051,,1
2454857.27,11.013,,1,2454857.23,11.204,0.008,3,2454857.23,10.827,0.003,3,2454857.23,10.439,0.004,3,2454857.23,10.036,0.003,3
,,,,2454857.56,11.198,0.003,4,2454857.56,10.828,0.001,4,2454857.58,10.443,0.003,2,2454857.59,10.03,0.003,3
2454858.39,11.013,,1,2454858.28,11.194,0.003,4,2454858.29,10.822,0.006,4,2454858.25,10.433,0.004,3,2454858.25,10.029,0.003,3
2454858.68,11.016,,1,2454858.62,11.19,0.003,3,2454858.62,10.815,0.002,3,2454858.62,10.426,0.002,3,2454858.62,10.027,0.002,3
,,,,2454859.59,11.179,,1,2454859.58,10.815,,1,,,,,2454859.6,10.02,,1
2454860.25,10.989,,1,2454860.23,11.181,0.003,3,2454860.22,10.807,0.002,3,2454860.22,10.407,0.006,2,2454860.22,10.018,0.004,3
,,,,2454860.57,11.179,0.003,4,2454860.57,10.806,0.003,4,2454860.59,10.416,0.006,2,2454860.59,10.015,0.002,3
,,,,2454861.58,11.171,0.005,4,2454861.58,10.8,0.003,4,2454861.58,10.4,0.0,3,2454861.59,10.01,0.002,4
,,,,2454862.31,11.175,,1,2454862.31,10.805,,1,2454862.31,10.408,,1,2454862.31,10.021,,1
,,,,2454862.57,11.176,0.005,4,2454862.56,10.81,0.003,4,2454862.58,10.403,0.003,2,2454862.59,10.014,0.005,3
,,,,,,,,2454863.31,10.791,,1,,,,,,,,
,,,,2454863.56,11.172,0.005,4,2454863.56,10.809,0.006,4,2454863.58,10.403,0.003,2,2454863.59,10.004,0.001,3
,,,,2454864.59,11.177,,1,2454864.59,10.811,,1,2454864.59,10.421,,1,2454864.59,10.013,,1
2454865.22,11.005,0.007,3,2454865.2,11.173,0.002,5,2454865.21,10.802,0.002,5,2454865.21,10.408,0.001,5,2454865.21,10.016,0.002,5
,,,,2454865.58,11.177,0.003,3,2454865.58,10.808,0.009,3,2454865.59,10.413,0.003,2,2454865.59,10.011,0.004,3
,,,,2454866.3,11.18,,1,2454866.32,10.815,,1,2454866.31,10.403,,1,2454866.31,10.016,,1
,,,,2454866.55,11.178,0.01,2,2454866.54,10.815,0.013,2,,,,,2454866.6,10.029,,1
,,,,2454867.56,11.172,0.004,4,2454867.56,10.805,0.008,4,2454867.59,10.411,0.01,2,2454867.59,10.005,0.001,3
2454868.23,10.99,,1,2454868.23,11.172,,1,2454868.23,10.809,,1,2454868.23,10.415,,1,2454868.23,10.017,,1
,,,,2454868.55,11.17,0.006,2,2454868.54,10.809,0.011,2,,,,,2454868.6,10.011,,1
2454869.22,10.984,0.004,2,2454869.25,11.169,0.007,3,2454869.26,10.797,0.003,3,2454869.26,10.402,0.002,3,2454869.26,9.997,0.01,3
,,,,2454869.56,11.162,0.006,4,2454869.56,10.795,0.008,4,2454869.58,10.378,0.012,2,2454869.58,9.999,0.01,3
,,,,2454870.57,11.16,0.007,3,2454870.57,10.799,0.005,3,2454870.59,10.406,0.006,2,2454870.59,10.002,0.006,2
,,,,2454871.33,11.167,,1,2454871.31,10.826,,1,2454871.3,10.412,,1,2454871.29,10.002,,1
2454872.23,10.988,,1,2454872.22,11.165,,1,2454872.22,10.804,,1,2454872.22,10.404,,1,2454872.22,10.009,,1
2454872.65,10.977,,1,2454872.62,11.173,0.003,2,2454872.62,10.807,0.012,2,2454872.65,10.4,,1,2454872.62,10.007,0.0,2
,,,,2454874.58,11.177,,1,2454874.58,10.822,,1,,,,,2454874.59,10.009,,1
,,,,2454875.59,11.2,,1,2454875.58,10.809,,1,,,,,2454875.59,9.999,,1
,,,,2454876.57,11.194,,1,2454876.6,10.826,,1,,,,,2454876.58,10.03,,1
,,,,2454877.59,11.213,,1,2454877.58,10.824,,1,,,,,2454877.59,10.022,,1
2454878.22,11.01,,1,2454878.26,11.195,0.001,2,2454878.24,10.817,0.002,3,2454878.24,10.418,0.002,3,2454878.24,10.022,0.007,3
,,,,2454879.59,11.188,0.005,2,2454879.59,10.804,0.004,2,2454879.59,10.383,0.003,2,2454879.59,10.017,0.001,2
,,,,2454881.23,11.18,,1,,,,,,,,,2454881.23,10.003,,1
,,,,2454881.6,11.197,,1,2454881.6,10.811,,1,2454881.6,10.416,,1,2454881.6,10.023,,1
2454882.22,10.998,,1,2454882.21,11.183,0.008,2,2454882.21,10.818,0.006,2,2454882.21,10.416,0.007,2,2454882.21,10.03,0.005,2
,,,,2454882.59,11.187,,1,2454882.59,10.811,,1,2454882.59,10.396,,1,2454882.59,10.018,,1
2454883.23,10.996,,1,2454883.21,11.177,0.006,2,2454883.22,10.802,0.007,2,2454883.22,10.405,0.001,2,2454883.22,9.996,0.01,2
2454884.23,10.986,0.002,2,2454884.23,11.175,0.001,2,2454884.24,10.805,0.002,2,2454884.24,10.411,0.003,2,2454884.24,10.014,0.004,2
,,,,2454885.03,11.172,,1,2454885.03,10.806,,1,2454885.03,10.411,,1,2454885.03,9.993,,1
2454886.22,10.981,,1,2454886.22,11.151,,1,2454886.22,10.797,,1,2454886.22,10.391,,1,2454886.22,9.998,,1
,,,,2454890.02,11.162,,1,2454890.03,10.796,,1,2454890.03,10.396,,1,2454890.03,9.998,,1
2454891.29,10.98,,1,2454891.15,11.157,0.005,2,2454891.15,10.793,0.003,2,2454891.15,10.396,0.0,2,2454891.15,10.0,0.002,2
2454891.65,10.975,,1,2454891.65,11.159,,1,2454891.65,10.79,,1,2454891.65,10.402,,1,2454891.65,10.004,,1
,,,,2454893.01,11.142,,1,2454893.01,10.791,,1,2454893.01,10.396,,1,2454893.01,9.993,,1
,,,,2454894.01,11.172,,1,2454894.01,10.796,,1,2454894.01,10.396,,1,2454894.01,10.013,,1
,,,,2454895.02,11.122,,1,2454895.02,10.751,,1,2454895.02,10.356,,1,2454895.02,9.973,,1
2454903.25,10.97,,1,2454903.24,11.149,,1,2454903.24,10.777,,1,2454903.24,10.382,,1,2454903.24,10.0,,1
2454909.27,10.955,,1,2454909.27,11.145,,1,2454909.27,10.78,,1,2454909.27,10.397,,1,2454909.27,10.0,,1
2454922.58,10.958,,1,2454922.57,11.135,,1,2454922.57,10.788,,1,2454922.57,10.392,,1,2454922.58,9.988,,1
2454938.52,10.95,,1,2454938.51,11.138,,1,2454938.51,10.772,,1,2454938.52,10.384,,1,2454938.52,9.989,,1
2454950.58,10.97,,1,2454950.58,11.136,,1,2454950.57,10.796,,1,2454950.58,10.381,,1,2454950.58,9.994,,1
2455017.45,10.934,,1,2455017.44,11.123,,1,2455017.43,10.763,,1,2455017.44,10.361,,1,2455017.44,9.982,,1
2455027.5,10.942,,1,2455027.5,11.13,,1,2455027.49,10.77,,1,2455027.5,10.377,,1,2455027.5,9.983,,1
2455040.37,10.946,,1,,,,,2455040.35,10.78,,1,,,,,,,,
2455063.37,10.957,,1,2455063.36,11.119,,1,2455063.36,10.779,,1,2455063.36,10.364,,1,2455063.36,9.995,,1
2455083.33,10.959,,1,,,,,2455083.3,10.768,,1,2455083.3,10.369,,1,2455083.31,9.984,,1
2455099.41,10.939,,1,2455099.41,11.122,,1,2455099.4,10.774,,1,2455099.41,10.373,,1,2455099.41,9.985,,1
2455111.26,10.951,,1,2455111.25,11.137,,1,2455111.25,10.775,,1,2455111.26,10.383,,1,2455111.25,10.009,,1
2455120.24,10.943,,1,2455120.23,11.131,,1,2455120.23,10.773,,1,2455120.23,10.378,,1,2455120.24,9.983,,1
2455138.24,10.945,,1,2455138.23,11.124,,1,2455138.23,10.764,,1,2455138.22,10.369,,1,2455138.22,9.978,,1
2455150.2,10.951,,1,2455150.2,11.119,,1,2455150.19,10.757,,1,2455150.19,10.361,,1,2455150.19,9.968,,1
2455156.28,10.913,,1,2455156.28,11.13,,1,2455156.28,10.767,,1,2455156.28,10.375,,1,2455156.28,9.975,,1
2455162.39,10.962,,1,2455162.39,11.131,,1,2455162.39,10.773,,1,2455162.38,10.376,,1,2455162.38,9.983,,1
2455164.19,10.946,,1,2455164.19,11.136,,1,2455164.18,10.772,,1,2455164.19,10.376,,1,2455164.19,9.976,,1
2455210.21,10.938,,1,2455210.21,11.123,,1,2455210.2,10.761,,1,2455210.21,10.36,,1,2455210.21,9.959,,1
,,,,2455233.23,11.122,,1,2455233.23,10.763,,1,2455233.23,10.355,,1,2455233.23,9.958,,1
2455253.27,10.937,,1,2455253.26,11.115,,1,2455253.25,10.751,,1,2455253.25,10.34,,1,2455253.25,9.94,,1
,,,,2455264.24,11.121,,1,2455264.25,10.759,,1,2455264.25,10.36,,1,2455264.25,9.949,,1
,,,,2455267.25,11.112,,1,2455267.25,10.759,,1,2455267.25,10.356,,1,2455267.25,9.954,,1
,,,,2455270.65,11.12,,1,2455270.65,10.756,,1,2455270.65,10.355,,1,2455270.65,9.951,,1
,,,,2455271.27,11.12,,1,2455271.27,10.755,,1,2455271.27,10.348,,1,2455271.27,9.955,,1
,,,,2455272.27,11.127,,1,2455272.27,10.766,,1,2455272.28,10.36,,1,2455272.28,9.955,,1
2455274.26,10.951,,1,2455274.25,11.114,,1,2455274.25,10.763,,1,2455274.26,10.35,,1,2455274.25,9.95,,1
,,,,2455294.53,11.124,,1,2455294.53,10.761,,1,2455294.53,10.359,,1,,,,
2455303.55,10.938,,1,2455303.54,11.124,,1,2455303.54,10.766,,1,2455303.55,10.359,,1,2455303.55,9.957,,1
2455311.5,10.941,,1,2455311.5,11.125,,1,2455311.49,10.761,,1,2455311.5,10.358,,1,2455311.5,9.951,,1
